4 5
E 0 0 0 D
0 A 0 0 0
0 0 0 0 C
R 0 B 0 0 

6 7
0 B 0 0 0 0 E
0 0 0 0 0 0 0
A 0 0 0 0 0 0
0 0 0 0 C 0 D
0 0 F 0 0 0 0
0 0 0 0 G 0 R 

7 8
0 0 0 0 E 0 0 F
0 0 0 0 0 0 0 0
0 0 C 0 0 0 0 0
0 0 0 0 0 0 0 G
D 0 0 0 0 0 R 0
0 0 0 0 0 0 0 H
0 A 0 0 0 B 0 0

10 12
G 0 0 0 0 0 0 0 0 0 0 J
0 0 0 0 0 0 B 0 0 0 0 0
I 0 0 0 0 0 0 0 0 0 R 0
0 0 0 0 0 0 0 0 0 0 0 0
0 0 0 C 0 0 0 0 0 0 0 0
0 0 0 0 0 0 0 A 0 0 0 0
0 0 0 0 0 0 0 0 0 F 0 0
0 0 0 0 0 0 0 0 0 0 0 0
0 0 0 0 D 0 0 0 0 E 0 0
H 0 0 0 0 0 0 0 0 0 0 0

16 22
0 0 0 G 0 0 0 0 0 0 0 P 0 0 0 0 0 0 0 0 0 F
0 M 0 0 0 0 0 A 0 0 0 0 0 0 0 0 0 0 0 0 0 0
0 0 0 0 0 0 0 0 0 0 0 0 0 0 0 0 0 K 0 0 0 0
0 0 0 0 0 0 0 0 0 0 0 0 0 0 0 0 0 0 0 0 0 0
0 0 0 0 0 0 0 0 0 0 0 0 0 0 0 0 0 0 0 0 0 0
0 0 0 0 0 0 0 0 0 0 0 0 0 0 0 0 R 0 0 0 0 0
0 0 0 0 0 0 0 0 0 0 0 0 0 0 0 0 0 0 0 0 0 0
0 0 0 C 0 0 0 0 0 0 0 0 0 0 0 0 0 0 0 0 0 0
0 0 0 0 0 0 0 0 0 0 0 0 0 0 0 0 0 0 0 D 0 0
0 0 0 0 0 0 0 0 0 0 0 L 0 0 0 0 0 0 0 0 0 0
0 0 0 0 0 0 0 0 0 0 0 0 0 0 0 0 0 0 0 0 0 0
I 0 0 0 0 0 0 0 0 0 0 0 0 0 0 0 0 J 0 0 0 0
0 0 0 0 0 0 0 0 0 0 0 0 0 0 0 0 0 0 0 0 0 0
0 0 0 0 0 0 B 0 0 0 0 0 0 0 0 0 0 0 N 0 0 0
0 0 H 0 0 0 0 0 0 0 0 0 0 0 0 0 0 0 0 0 0 0
0 0 0 0 0 0 0 0 0 0 0 O 0 0 0 0 0 0 0 0 0 E